64
0.06318092346191406
10.37287712097168
128
0.11706352233886719
19.343137741088867
259
0.27489662170410156
33.05840492248535
530
0.5328655242919922
67.14487075805664
1054
1.3227462768554688
133.47530364990234
2183
5.65338134765625
262.93158531188965
4411
6.5860748291015625
535.1600646972656
9875
14.388799667358398
1022.594690322876
29779
45.172691345214844
2111.8314266204834
106361
209.716796875
4349.136114120483
372670
751.0757446289062
9787.593841552734
1770677
4167.269229888916
22087.570667266846
7926934
19748.854160308838
48335.48879623413